Czas;ID_11;ID_12;ID_13;ID_14;ID_15;ID_16;ID_17;ID_1;ID_2;ID_3;ID_4;ID_5;ID_6;ID_7;ID_8;ID_9;ID_10
23:00:01;1,25;0,6;0,0;0,0;0,0;0,0;0,0;0,0;0,0;0,0;0,0;0,0;0,0;0,6;0,0;0,0;0,6
23:00:02;1,25;0,6;0,0;0,0;0,0;0,0;0,0;0,0;0,0;0,0;0,0;0,0;0,0;0,6;0,0;0,0;0,6
23:00:03;1,25;0,6;0,0;0,0;0,0;0,0;0,0;0,0;0,0;0,0;0,0;0,0;0,0;0,6;0,0;0,0;0,6
23:00:04;1,25;0,6;0,0;0,0;0,0;0,0;0,0;0,0;0,0;0,0;0,0;0,0;0,0;0,6;0,0;0,0;0,6
23:00:05;1,25;0,6;0,0;0,0;0,0;0,0;0,0;0,0;0,0;0,0;0,0;0,0;0,0;0,6;0,0;0,0;0,6
23:00:06;1,25;0,6;0,0;0,0;0,0;0,0;0,0;0,0;0,0;0,0;0,0;0,0;0,0;0,6;0,0;0,0;0,6
23:00:07;1,25;0,6;0,0;0,0;0,0;0,0;0,0;0,0;0,0;0,0;0,0;0,0;0,0;0,6;0,0;0,0;0,6
23:00:08;1,25;0,6;0,0;0,0;0,0;0,0;0,0;0,0;0,0;0,0;0,0;0,0;0,0;0,6;0,0;0,0;0,6
23:00:09;1,25;0,6;0,0;0,0;0,0;0,0;0,0;0,0;0,0;0,0;0,0;0,0;0,0;0,6;0,0;0,0;1,25
23:00:10;1,25;0,6;0,0;0,0;0,0;0,0;0,0;0,0;0,0;0,0;0,0;0,0;0,0;0,6;0,0;0,6;1,25
23:00:11;1,25;0,6;0,0;0,0;0,0;0,0;0,0;0,0;0,0;0,0;0,0;0,0;0,0;0,6;0,0;0,6;1,25
23:00:12;1,25;0,6;0,0;0,0;0,0;0,0;0,0;0,0;0,0;0,0;0,0;0,0;0,0;0,6;0,0;0,6;1,25
23:00:13;1,25;1,1;0,0;0,0;0,0;0,0;0,0;0,0;0,0;0,0;0,0;0,0;0,0;1,1;0,0;1,1;1,25
23:00:14;1,25;1,1;0,0;0,0;0,0;0,0;0,0;0,0;0,0;0,0;0,0;0,0;0,0;1,1;0,0;1,1;1,25
23:00:15;1,1;0,0;0,0;0,0;0,0;0,0;0,0;0,0;0,0;0,0;0,0;0,0;0,0;0,0;0,0;1,1;1,25
23:00:16;1,1;0,0;0,0;0,0;0,0;0,0;0,0;0,0;0,0;0,0;0,0;0,0;0,0;0,0;0,0;1,1;1,25
23:00:17;1,1;0,0;0,0;0,0;0,0;0,0;0,0;0,0;0,0;0,0;0,0;0,0;0,0;0,0;0,0;1,1;1,25
23:00:18;1,1;0,0;0,0;0,0;0,0;0,0;0,0;0,0;0,0;0,0;0,0;0,0;0,0;0,0;0,0;1,1;1,25
23:00:19;1,1;0,0;0,0;0,0;0,0;0,0;0,0;0,0;0,0;0,0;0,0;0,0;0,0;0,0;0,0;1,1;1,25
23:00:20;1,1;0,0;0,0;0,0;0,0;0,0;0,0;0,0;0,0;0,0;0,0;0,0;0,0;0,0;0,0;1,1;1,25
23:00:21;1,1;0,0;0,0;0,0;0,0;0,0;0,0;0,0;0,0;0,0;0,0;0,0;0,0;0,0;0,0;1,1;1,25
23:00:22;1,1;0,0;0,0;0,0;0,0;0,0;0,0;0,0;0,0;0,0;0,0;0,0;0,0;0,0;0,0;1,1;1,25
23:00:23;1,1;0,0;0,0;0,0;0,0;0,0;0,0;0,0;0,0;0,0;0,0;0,0;0,0;0,0;0,0;1,1;1,25
23:00:24;1,1;0,0;0,0;0,0;0,0;0,0;0,0;0,0;0,0;0,0;0,0;0,0;0,0;0,0;0,0;1,1;1,25
23:00:25;1,1;0,0;0,0;0,0;0,0;0,0;0,0;0,0;0,0;0,0;0,0;0,0;0,0;0,0;0,0;1,1;1,25
23:00:26;1,1;0,0;0,0;0,0;0,0;0,0;0,0;0,0;0,0;0,0;0,0;0,0;0,0;0,0;0,0;1,1;1,25
23:00:27;1,1;0,0;0,0;0,0;0,0;0,0;0,0;0,0;0,0;0,0;0,0;0,0;0,0;0,0;0,0;1,1;1,25
23:00:28;1,1;0,0;0,0;0,0;0,0;0,0;0,0;0,0;0,0;0,0;0,0;0,0;1,1;0,0;0,0;1,25;1,25
23:00:29;1,1;0,0;0,0;0,0;0,0;0,0;0,0;0,0;0,0;0,0;0,0;0,0;1,1;0,0;0,0;1,25;1,25
23:00:30;1,1;0,0;0,0;0,0;0,0;0,0;0,0;0,0;0,0;0,0;0,0;0,0;1,1;0,0;0,0;1,25;1,25
23:00:31;1,1;0,0;0,0;0,0;0,0;0,0;0,0;0,0;0,0;0,0;0,0;0,0;1,1;0,0;0,0;1,25;1,25
23:00:32;1,1;0,0;0,0;0,0;0,0;0,0;0,0;0,0;0,0;0,0;0,0;0,0;1,1;0,0;0,0;1,25;1,25
23:00:33;1,1;0,0;0,0;0,0;0,0;0,0;0,0;0,0;0,0;0,0;0,0;0,0;1,1;0,0;0,0;1,25;1,25
23:00:34;1,1;0,0;0,0;0,0;0,0;0,0;0,0;0,0;0,0;0,0;0,0;0,0;1,1;0,0;0,0;1,25;1,25
23:00:35;0,0;0,0;0,0;0,0;0,0;0,0;0,0;0,0;0,0;0,0;0,0;0,0;1,1;0,0;0,0;1,25;1,1
23:00:36;0,0;0,0;0,0;0,0;0,0;0,0;0,0;0,0;0,0;0,0;0,0;0,0;1,1;0,0;0,0;1,25;1,1
23:00:37;0,0;0,0;0,0;0,0;0,0;0,0;0,0;0,0;0,0;0,0;0,0;0,0;1,1;0,0;0,0;1,25;1,1
23:00:38;0,0;0,0;0,0;0,0;0,0;0,0;0,0;0,0;0,0;0,0;0,0;0,0;1,1;0,0;0,0;1,25;1,1
23:00:39;0,0;0,0;0,0;0,0;0,0;0,0;0,0;0,0;0,0;0,0;0,0;0,0;1,1;0,0;0,0;1,25;1,1
23:00:40;0,0;0,0;0,0;0,0;0,0;0,0;0,0;0,0;0,0;0,0;0,0;0,0;1,1;0,0;0,0;1,25;1,1
23:00:41;0,0;0,0;0,0;0,0;0,0;0,0;0,0;0,0;0,0;0,0;0,0;0,0;1,1;0,0;0,0;1,25;1,1
23:00:42;0,0;0,0;0,0;0,0;0,0;0,0;0,0;0,0;0,0;0,0;0,0;0,0;1,1;0,0;0,0;1,25;1,1
23:00:43;0,0;0,0;0,0;0,0;0,0;0,0;0,0;0,0;0,0;0,0;0,0;0,0;1,1;0,0;0,0;1,25;1,1
23:00:44;0,0;0,0;0,0;0,0;0,0;0,0;0,0;0,0;0,0;0,0;0,0;0,0;1,1;0,0;0,0;1,25;1,1
23:00:45;0,0;0,0;0,0;0,0;0,0;0,0;0,0;0,0;0,0;0,0;0,0;0,0;1,1;0,0;0,0;1,25;1,1
23:00:46;0,0;0,0;0,0;0,0;0,0;0,0;0,0;0,0;0,0;0,0;0,0;0,0;1,1;0,0;0,0;1,25;1,1
23:00:47;0,0;0,0;0,0;0,0;0,0;0,0;0,0;0,0;0,0;0,0;0,0;0,0;1,1;0,0;0,0;1,25;1,1
23:00:48;1,1;0,0;0,0;0,0;0,0;0,0;0,0;0,0;0,0;0,0;0,0;0,0;1,1;0,0;0,0;1,25;1,25
23:00:49;1,1;0,0;0,0;0,0;0,0;0,0;0,0;0,0;0,0;0,0;0,0;0,0;1,1;0,0;0,0;1,25;1,25
23:00:50;1,1;0,0;0,0;0,0;0,0;0,0;0,0;0,0;0,0;0,0;0,0;0,0;1,1;0,0;0,0;1,25;1,25
23:00:51;1,1;0,0;0,0;0,0;0,0;0,0;0,0;0,0;0,0;0,0;0,0;0,0;1,1;0,0;0,0;1,25;1,25
23:00:52;1,1;0,0;0,0;0,0;0,0;0,0;0,0;0,0;0,0;0,0;0,0;0,0;1,1;0,0;0,0;1,25;1,25
23:00:53;1,1;0,0;0,0;0,0;0,0;0,0;0,0;0,0;0,0;0,0;0,0;0,0;1,1;0,0;0,0;1,1;1,25
23:00:54;1,1;0,0;0,0;0,0;0,0;0,0;0,0;0,0;0,0;0,0;0,0;0,0;0,0;0,0;0,0;1,1;1,25
23:00:55;1,1;0,0;0,0;0,0;0,0;0,0;0,0;0,0;0,0;0,0;0,0;0,0;0,0;0,0;0,0;1,1;1,25
23:00:56;1,1;0,0;0,0;0,0;0,0;0,0;0,0;0,0;0,0;0,0;0,0;0,0;0,0;0,0;0,0;1,1;1,25
23:00:57;1,1;0,0;0,0;0,0;0,0;0,0;0,0;0,0;0,0;0,0;0,0;0,0;0,0;0,0;0,0;1,1;1,25
23:00:58;1,1;0,0;0,0;0,0;0,0;0,0;0,0;0,0;0,0;0,0;0,0;0,0;0,0;0,0;0,0;1,1;1,25
23:00:59;1,1;0,0;0,0;0,0;0,0;0,0;0,0;0,0;0,0;0,0;0,0;0,0;0,0;0,0;0,0;1,1;1,25
23:01:00;1,1;0,0;0,0;0,0;0,0;0,0;0,0;0,0;0,0;0,0;0,0;0,0;0,0;0,0;0,0;1,1;1,25
23:01:01;1,1;0,0;0,0;0,0;0,0;0,0;0,0;0,0;0,0;0,0;0,0;0,0;0,0;0,0;0,0;1,1;1,25
23:01:02;1,1;0,0;0,0;0,0;0,0;0,0;0,0;0,0;0,0;0,0;0,0;0,0;0,0;0,0;0,0;1,1;1,25
23:01:03;1,1;0,0;0,0;0,0;0,0;0,0;0,0;0,0;0,0;0,0;0,0;0,0;0,0;0,0;0,0;1,1;1,25
23:01:04;1,1;0,0;0,0;0,0;0,0;0,0;0,0;0,0;0,0;0,0;0,0;0,0;0,0;0,0;0,0;1,1;1,25
23:01:05;1,1;0,0;0,0;0,0;0,0;0,0;0,0;0,0;0,0;0,0;0,0;0,0;0,0;0,0;0,0;1,1;1,25